[2, 5, 8, 12, 22, 27, 29, 33, 38, 45]
--------------------------------------------------------------------------
[2.988037827614366, 2.86763659003636, 0.0, 2.9392397078269648, 2.9716336577692495, 2.7518736852026042, 2.4075002626371873, 2.7634317613321024, 2.9630760003077543, 3.210960477528438, 3.1498051741257904, 2.300247645273725, 3.027894607428238, 2.756212556235614, 2.9199668281277673, 2.9962811039985504, 2.9192924143223933, 2.6779055087498547, 3.0461109434809397, 2.50564080801197, 2.914597210263422, 2.6376347038892014, 2.687051240764498, 2.997807173311677, 3.204331335571798, 2.929432651967462, 2.752167987279506, 2.641499863746055, 2.6691955514692745, 2.5692211129712654, 2.6958249316626315, 2.373580328005152, 3.026824013648509, 2.7373575867313877, 2.8729523399567327, 2.9649416014533307, 2.2307571814994143, 2.9744807068484227, 2.958667746131189, 2.7971144932585057, 3.031028625884766, 2.7510250059756607, 2.9240458557486897, 2.6574243134249285, 2.743325504520763, 3.2262277162641957, 2.890573068616107, 2.7257168695245353, 2.593819466205295, 2.675358774277522]

[3.124403189966201, 2.697380202265395, 2.7518736852026042, 2.9432490185352655, 2.936698997713089, 0.0, 2.729873905480429, 2.132844947624288, 2.6795504598625155, 3.191025221352898, 2.970131636838508, 2.5763887960983256, 3.028192639541036, 2.8177941048185935, 2.4713741879794573, 2.966741726767671, 2.661114765387933, 2.6281696228341205, 3.1110759406574457, 2.836885287818743, 2.7967433505118695, 2.7351892010603414, 2.802025466717444, 2.8371162495162894, 3.2150968585649013, 2.87770400110887, 2.916297895195787, 2.8020399298855216, 2.489462342958438, 2.6854112164728243, 2.8990097893244147, 3.153480618549595, 2.5074931854248748, 2.1467389805525383, 3.0057855695914464, 3.0721178852061763, 2.6757379285924743, 2.9626447553104063, 2.7234173717657675, 2.9308183592850097, 1.662101116297265, 2.7665688159537196, 2.9511570535792755, 2.7916147395348028, 2.8843596846960335, 2.5462660323674804, 2.9027262499837114, 2.7799213686534667, 1.833861537379425, 2.8339320202852116]

[3.1534691932467953, 3.008117971651079, 2.9630760003077543, 3.046529095925333, 3.209317513591366, 2.6795504598625155, 2.8437820709562485, 2.6919134855478277, 0.0, 3.315206268255909, 3.195679107602271, 2.7739456733885004, 3.1710121569477816, 2.9286012134223034, 2.945154506408877, 3.2339222963030907, 2.834926915564277, 2.9558397108663503, 3.0541049412962815, 3.0364851742409003, 2.90963882773018, 3.032192137658645, 2.722670483359339, 2.9388769927456155, 3.230478892117496, 2.766960215864968, 3.1695084512302363, 2.9369834017074603, 2.9530262020164746, 2.9247401223493874, 3.065335606494208, 3.331355967175197, 2.82650877901889, 2.9727874443955686, 3.0560227027142943, 3.2274066164793984, 2.773269055669937, 2.8125173115270146, 2.918601126099875, 3.207006927106406, 3.0326082761186086, 3.03408828342474, 3.0621020292996852, 3.024106180944254, 3.1062601180452, 3.2074041845583943, 2.575986844628831, 2.9516781311051856, 2.9632539087941843, 3.087221787502481]

[3.335386699948311, 3.257809134866691, 3.027894607428238, 3.1534486782391666, 3.352181650790437, 3.028192639541036, 2.9620646366611156, 3.1482788626716953, 3.1710121569477816, 3.0762318319761843, 3.368204343754065, 2.9033451587580146, 0.0, 2.569652131496361, 3.098572497345507, 2.869547932147044, 3.2093165178321708, 3.0517170817435266, 3.345239029826939, 3.0750865068132875, 3.0605463796545798, 3.064843083367765, 3.053319847689081, 2.716473523587251, 3.4658332756248202, 3.2033907274571662, 3.3068925394906388, 3.0578475062870027, 2.9627021547531487, 2.9538773539786054, 3.1156166039848965, 3.338934817542395, 3.273120000280911, 3.140057719117683, 2.7823879234888294, 3.3225724319985512, 3.0206638626886293, 3.15231433947632, 3.268702420080948, 3.1211863083547353, 2.8368851654156497, 2.8929704929448365, 3.2102495095238166, 3.0717600263153315, 3.2012361398610443, 3.3592049931894548, 3.249640212899455, 3.062871051439345, 2.962489487216004, 3.0599385332306626]

[3.2176774555393224, 2.966838468910599, 2.687051240764498, 2.468680925829113, 3.060201630500519, 2.802025466717444, 2.5501091876522626, 2.8335425102130873, 2.722670483359341, 3.2647509710156317, 3.0699256622911415, 2.609803244448216, 3.053319847689081, 2.6771715662519813, 2.5871416423757316, 3.0633642144861186, 2.5656569443657857, 2.7191173998298277, 3.0480623512935225, 2.7488573454081537, 2.802362204479257, 2.823339872010828, 0.0, 2.904181202068091, 3.1228408952056053, 2.8783619129836775, 2.959881012523908, 2.8248186165587907, 2.610968364972854, 2.639809791521692, 2.5712214506026903, 3.0404904639811847, 2.981263476441001, 2.8772261612242276, 3.042126692900775, 3.1125640579429152, 2.660448224663239, 2.655800501719963, 2.5088388729084015, 2.9804006664199836, 2.995242811463307, 2.767333936909538, 2.875115016693554, 2.851864381982565, 2.8635429534971206, 3.1004507734411235, 2.722026986279105, 2.6242219014637476, 2.6691443774080907, 2.854892193948448]

[2.8630073322692873, 2.9777087690749173, 2.641499863746055, 3.063987845463753, 3.2482951918858505, 2.8020399298855216, 2.7169629430157225, 2.799326928002138, 2.9369834017074603, 3.3028699793587375, 3.2557224104009297, 2.604645884271528, 3.0578475062870027, 2.796027416868014, 3.0420745353168845, 3.0661841571941575, 3.0669832073798418, 2.7720019247159673, 3.1111011725223063, 2.4897696041786195, 2.952300118701572, 2.6171170106747623, 2.8248186165587907, 3.0040584396244525, 3.2997003248195726, 3.0322581499601626, 3.1256314903827294, 0.0, 2.5569391433536532, 2.740598116470063, 2.767778847826532, 3.0100957047553156, 3.134521004397433, 2.9328245065687244, 2.9716193424248094, 2.9314829212453364, 2.7356952637452436, 3.0975132949491897, 3.0346942022133354, 2.809633556788755, 3.060068495535731, 2.7384400461813905, 3.0738422644571965, 2.6599831399271014, 2.7228068769137126, 3.25104566946106, 2.765311560676716, 2.6027921264766216, 2.679575185344182, 2.5599880386993408]

[2.9779094626725526, 2.92830649071698, 2.5692211129712654, 2.9256724763794995, 2.9465159217043246, 2.6854112164728243, 2.553744045148542, 2.8527849888186783, 2.9247401223493874, 3.132463300531485, 2.81537603787122, 2.1459181262311295, 2.9538773539786054, 2.7272258385640202, 2.8357452420307916, 3.033159613031553, 2.9521110249934956, 2.656368781368751, 3.1063038104506746, 2.665945842630726, 2.9213289540961163, 2.6564475058049584, 2.639809791521692, 2.9672892158947195, 3.06451899149119, 2.9274170848195564, 3.0895596557587734, 2.740598116470063, 2.5758307001150476, 0.0, 2.6826590415019673, 2.9859961211748485, 2.986204549729346, 2.8331445030580897, 2.9871906677965403, 3.0858156768484566, 2.5872480790444494, 2.9648776276943094, 2.9737929704592174, 2.879181994822733, 2.8781893948685493, 2.6407784586850958, 2.8829993418256734, 2.747371374693409, 2.7098757165792975, 3.0094507634937373, 2.944105548906514, 2.7287123521439605, 2.453116681451302, 2.7146840789085975]

[3.313811525280125, 3.1506844777571166, 2.7373575867313877, 3.0758048834577436, 3.2078889906825516, 2.1467389805525383, 2.8397662009076927, 2.4717674906205924, 2.9727874443955686, 3.263557906379315, 3.1552225407610197, 2.8542455477982904, 3.140057719117683, 2.942292178436575, 2.534258591181861, 3.2146319546893745, 2.7443704149164585, 2.966518817411007, 3.0048165645675655, 2.996712204171548, 2.959286941493384, 3.024281185221334, 2.8772261612242276, 3.1043024711430904, 3.1976322290606074, 3.048926477600821, 3.1256980550623896, 2.9328245065687244, 2.9575262870412136, 2.8331445030580897, 3.080200347970351, 3.317196436231031, 2.6103155413391357, 0.0, 3.272599858674324, 3.2017040585116403, 2.7631198677694413, 3.0050943763278473, 3.0503479317993176, 3.1263454469298626, 2.236810183651467, 2.9993698021295954, 2.990066979806448, 3.06683538273388, 3.166104932595277, 2.5089651907712964, 3.271698449862104, 2.993721761477646, 1.9180177839673722, 3.0571551447555168]

[3.383172955870629, 3.019615864907646, 2.958667746131189, 2.901513412751365, 3.0255332181638623, 2.7234173717657675, 2.8996414129731085, 2.85059692401048, 2.9186011260998765, 3.3415938431788215, 2.943812160802147, 2.8183602110003876, 3.268702420080948, 2.87381849305267, 2.9642287182006246, 3.150591292109281, 2.738592742868588, 3.0650736024059775, 3.125182460437727, 3.065482301358605, 3.04331947225351, 3.0408754348426825, 2.5088388729084015, 2.7240952662473203, 3.2823501679432447, 3.1338805780636365, 2.8978921005982254, 3.0346942022133354, 2.9988543018263347, 2.9737929704592174, 3.105064099117824, 3.3679359411891427, 3.0783234869423244, 3.0503479317993176, 3.2874810200235616, 3.27377051211958, 2.667847021610089, 2.7880841250379103, 0.0, 3.242250974452973, 2.8334650311358462, 3.127700936554132, 3.1450163474518567, 3.055833415529633, 3.1093676078821155, 3.2881436194932454, 3.260825444400013, 3.102188952775097, 2.9901722276786464, 2.9327230130649573]

[3.5796991531090745, 3.3242382332715508, 3.2262277162641957, 3.112630481274248, 3.456252426487925, 2.5462660323674804, 2.7867131537250334, 2.567948574329413, 3.2074041845583943, 2.8461489577395276, 3.389040388210296, 3.030116359734111, 3.3592049931894548, 3.1417786649702735, 2.8221929186355412, 3.4666646004198314, 3.1081674368292416, 3.2432853874756047, 3.2052117056178573, 3.26945634249568, 3.2589737998795028, 3.2505280170138366, 3.1004507734411235, 3.218509367601252, 3.452524436656082, 3.30093454955577, 3.410466576938656, 3.25104566946106, 3.1456155153359413, 3.0094507634937373, 3.221948507791812, 3.5826729782181155, 2.80364507662944, 2.5089651907712964, 3.3696423975134104, 3.228143803069115, 3.063607224397938, 3.256037759009555, 3.2881436194932454, 3.3164139133467914, 2.6090523375410264, 3.190532299312631, 3.200982128746262, 3.195909566793204, 3.3482065596416835, 0.0, 3.3586509665256807, 2.9029207610754497, 2.1359569983650704, 3.2997856209370853]

--------------------------------------------------------------------------
[2.988037827614366, 3.124403189966201, 3.1534691932467953, 3.335386699948311, 3.2176774555393224, 2.8630073322692873, 2.9779094626725526, 3.313811525280125, 3.383172955870629, 3.5796991531090745]

[2.86763659003636, 2.697380202265395, 3.008117971651079, 3.257809134866691, 2.966838468910599, 2.9777087690749173, 2.92830649071698, 3.1506844777571166, 3.019615864907646, 3.3242382332715508]

[0.0, 2.7518736852026042, 2.9630760003077543, 3.027894607428238, 2.687051240764498, 2.641499863746055, 2.5692211129712654, 2.7373575867313877, 2.958667746131189, 3.2262277162641957]

[2.9392397078269648, 2.9432490185352655, 3.046529095925333, 3.1534486782391666, 2.468680925829113, 3.063987845463753, 2.9256724763794995, 3.0758048834577436, 2.901513412751365, 3.112630481274248]

[2.9716336577692495, 2.936698997713089, 3.209317513591366, 3.352181650790437, 3.060201630500519, 3.2482951918858505, 2.9465159217043246, 3.2078889906825516, 3.0255332181638623, 3.456252426487925]

[2.7518736852026042, 0.0, 2.6795504598625155, 3.028192639541036, 2.802025466717444, 2.8020399298855216, 2.6854112164728243, 2.1467389805525383, 2.7234173717657675, 2.5462660323674804]

[2.4075002626371873, 2.729873905480429, 2.8437820709562485, 2.9620646366611156, 2.5501091876522626, 2.7169629430157225, 2.553744045148542, 2.8397662009076927, 2.8996414129731085, 2.7867131537250334]

[2.7634317613321024, 2.132844947624288, 2.6919134855478277, 3.1482788626716953, 2.8335425102130873, 2.799326928002138, 2.8527849888186783, 2.4717674906205924, 2.85059692401048, 2.567948574329413]

[2.9630760003077543, 2.6795504598625155, 0.0, 3.1710121569477816, 2.722670483359341, 2.9369834017074603, 2.9247401223493874, 2.9727874443955686, 2.9186011260998765, 3.2074041845583943]

[3.210960477528438, 3.191025221352898, 3.315206268255909, 3.0762318319761843, 3.2647509710156317, 3.3028699793587375, 3.132463300531485, 3.263557906379315, 3.3415938431788215, 2.8461489577395276]

[3.1498051741257904, 2.970131636838508, 3.195679107602271, 3.368204343754065, 3.0699256622911415, 3.2557224104009297, 2.81537603787122, 3.1552225407610197, 2.943812160802147, 3.389040388210296]

[2.300247645273725, 2.5763887960983256, 2.7739456733885004, 2.9033451587580146, 2.609803244448216, 2.604645884271528, 2.1459181262311295, 2.8542455477982904, 2.8183602110003876, 3.030116359734111]

[3.027894607428238, 3.028192639541036, 3.1710121569477816, 0.0, 3.053319847689081, 3.0578475062870027, 2.9538773539786054, 3.140057719117683, 3.268702420080948, 3.3592049931894548]

[2.756212556235614, 2.8177941048185935, 2.9286012134223034, 2.569652131496361, 2.6771715662519813, 2.796027416868014, 2.7272258385640202, 2.942292178436575, 2.87381849305267, 3.1417786649702735]

[2.9199668281277673, 2.4713741879794573, 2.945154506408877, 3.098572497345507, 2.5871416423757316, 3.0420745353168845, 2.8357452420307916, 2.534258591181861, 2.9642287182006246, 2.8221929186355412]

[2.9962811039985504, 2.966741726767671, 3.2339222963030907, 2.869547932147044, 3.0633642144861186, 3.0661841571941575, 3.033159613031553, 3.2146319546893745, 3.150591292109281, 3.4666646004198314]

[2.9192924143223933, 2.661114765387933, 2.834926915564277, 3.2093165178321708, 2.5656569443657857, 3.0669832073798418, 2.9521110249934956, 2.7443704149164585, 2.738592742868588, 3.1081674368292416]

[2.6779055087498547, 2.6281696228341205, 2.9558397108663503, 3.0517170817435266, 2.7191173998298277, 2.7720019247159673, 2.656368781368751, 2.966518817411007, 3.0650736024059775, 3.2432853874756047]

[3.0461109434809397, 3.1110759406574457, 3.0541049412962815, 3.345239029826939, 3.0480623512935225, 3.1111011725223063, 3.1063038104506746, 3.0048165645675655, 3.125182460437727, 3.2052117056178573]

[2.50564080801197, 2.836885287818743, 3.0364851742409003, 3.0750865068132875, 2.7488573454081537, 2.4897696041786195, 2.665945842630726, 2.996712204171548, 3.065482301358605, 3.26945634249568]

[2.914597210263422, 2.7967433505118695, 2.90963882773018, 3.0605463796545798, 2.802362204479257, 2.952300118701572, 2.9213289540961163, 2.959286941493384, 3.04331947225351, 3.2589737998795028]

[2.6376347038892014, 2.7351892010603414, 3.032192137658645, 3.064843083367765, 2.823339872010828, 2.6171170106747623, 2.6564475058049584, 3.024281185221334, 3.0408754348426825, 3.2505280170138366]

[2.687051240764498, 2.802025466717444, 2.722670483359339, 3.053319847689081, 0.0, 2.8248186165587907, 2.639809791521692, 2.8772261612242276, 2.5088388729084015, 3.1004507734411235]

[2.997807173311677, 2.8371162495162894, 2.9388769927456155, 2.716473523587251, 2.904181202068091, 3.0040584396244525, 2.9672892158947195, 3.1043024711430904, 2.7240952662473203, 3.218509367601252]

[3.204331335571798, 3.2150968585649013, 3.230478892117496, 3.4658332756248202, 3.1228408952056053, 3.2997003248195726, 3.06451899149119, 3.1976322290606074, 3.2823501679432447, 3.452524436656082]

[2.929432651967462, 2.87770400110887, 2.766960215864968, 3.2033907274571662, 2.8783619129836775, 3.0322581499601626, 2.9274170848195564, 3.048926477600821, 3.1338805780636365, 3.30093454955577]

[2.752167987279506, 2.916297895195787, 3.1695084512302363, 3.3068925394906388, 2.959881012523908, 3.1256314903827294, 3.0895596557587734, 3.1256980550623896, 2.8978921005982254, 3.410466576938656]

[2.641499863746055, 2.8020399298855216, 2.9369834017074603, 3.0578475062870027, 2.8248186165587907, 0.0, 2.740598116470063, 2.9328245065687244, 3.0346942022133354, 3.25104566946106]

[2.6691955514692745, 2.489462342958438, 2.9530262020164746, 2.9627021547531487, 2.610968364972854, 2.5569391433536532, 2.5758307001150476, 2.9575262870412136, 2.9988543018263347, 3.1456155153359413]

[2.5692211129712654, 2.6854112164728243, 2.9247401223493874, 2.9538773539786054, 2.639809791521692, 2.740598116470063, 0.0, 2.8331445030580897, 2.9737929704592174, 3.0094507634937373]

[2.6958249316626315, 2.8990097893244147, 3.065335606494208, 3.1156166039848965, 2.5712214506026903, 2.767778847826532, 2.6826590415019673, 3.080200347970351, 3.105064099117824, 3.221948507791812]

[2.373580328005152, 3.153480618549595, 3.331355967175197, 3.338934817542395, 3.0404904639811847, 3.0100957047553156, 2.9859961211748485, 3.317196436231031, 3.3679359411891427, 3.5826729782181155]

[3.026824013648509, 2.5074931854248748, 2.82650877901889, 3.273120000280911, 2.981263476441001, 3.134521004397433, 2.986204549729346, 2.6103155413391357, 3.0783234869423244, 2.80364507662944]

[2.7373575867313877, 2.1467389805525383, 2.9727874443955686, 3.140057719117683, 2.8772261612242276, 2.9328245065687244, 2.8331445030580897, 0.0, 3.0503479317993176, 2.5089651907712964]

[2.8729523399567327, 3.0057855695914464, 3.0560227027142943, 2.7823879234888294, 3.042126692900775, 2.9716193424248094, 2.9871906677965403, 3.272599858674324, 3.2874810200235616, 3.3696423975134104]

[2.9649416014533307, 3.0721178852061763, 3.2274066164793984, 3.3225724319985512, 3.1125640579429152, 2.9314829212453364, 3.0858156768484566, 3.2017040585116403, 3.27377051211958, 3.228143803069115]

[2.2307571814994143, 2.6757379285924743, 2.773269055669937, 3.0206638626886293, 2.660448224663239, 2.7356952637452436, 2.5872480790444494, 2.7631198677694413, 2.667847021610089, 3.063607224397938]

[2.9744807068484227, 2.9626447553104063, 2.8125173115270146, 3.15231433947632, 2.655800501719963, 3.0975132949491897, 2.9648776276943094, 3.0050943763278473, 2.7880841250379103, 3.256037759009555]

[2.958667746131189, 2.7234173717657675, 2.918601126099875, 3.268702420080948, 2.5088388729084015, 3.0346942022133354, 2.9737929704592174, 3.0503479317993176, 0.0, 3.2881436194932454]

[2.7971144932585057, 2.9308183592850097, 3.207006927106406, 3.1211863083547353, 2.9804006664199836, 2.809633556788755, 2.879181994822733, 3.1263454469298626, 3.242250974452973, 3.3164139133467914]

[3.031028625884766, 1.662101116297265, 3.0326082761186086, 2.8368851654156497, 2.995242811463307, 3.060068495535731, 2.8781893948685493, 2.236810183651467, 2.8334650311358462, 2.6090523375410264]

[2.7510250059756607, 2.7665688159537196, 3.03408828342474, 2.8929704929448365, 2.767333936909538, 2.7384400461813905, 2.6407784586850958, 2.9993698021295954, 3.127700936554132, 3.190532299312631]

[2.9240458557486897, 2.9511570535792755, 3.0621020292996852, 3.2102495095238166, 2.875115016693554, 3.0738422644571965, 2.8829993418256734, 2.990066979806448, 3.1450163474518567, 3.200982128746262]

[2.6574243134249285, 2.7916147395348028, 3.024106180944254, 3.0717600263153315, 2.851864381982565, 2.6599831399271014, 2.747371374693409, 3.06683538273388, 3.055833415529633, 3.195909566793204]

[2.743325504520763, 2.8843596846960335, 3.1062601180452, 3.2012361398610443, 2.8635429534971206, 2.7228068769137126, 2.7098757165792975, 3.166104932595277, 3.1093676078821155, 3.3482065596416835]

[3.2262277162641957, 2.5462660323674804, 3.2074041845583943, 3.3592049931894548, 3.1004507734411235, 3.25104566946106, 3.0094507634937373, 2.5089651907712964, 3.2881436194932454, 0.0]

[2.890573068616107, 2.9027262499837114, 2.575986844628831, 3.249640212899455, 2.722026986279105, 2.765311560676716, 2.944105548906514, 3.271698449862104, 3.260825444400013, 3.3586509665256807]

[2.7257168695245353, 2.7799213686534667, 2.9516781311051856, 3.062871051439345, 2.6242219014637476, 2.6027921264766216, 2.7287123521439605, 2.993721761477646, 3.102188952775097, 2.9029207610754497]

[2.593819466205295, 1.833861537379425, 2.9632539087941843, 2.962489487216004, 2.6691443774080907, 2.679575185344182, 2.453116681451302, 1.9180177839673722, 2.9901722276786464, 2.1359569983650704]

[2.675358774277522, 2.8339320202852116, 3.087221787502481, 3.0599385332306626, 2.854892193948448, 2.5599880386993408, 2.7146840789085975, 3.0571551447555168, 2.9327230130649573, 3.2997856209370853]

